Substrate 40 0 -10.00 0.00 1.00 1.00 1.00 1.0
NWell 31 0 0.00 0.20 0.15 0.55 0.42 1.0
PWell 46 0 0.00 0.20 1.00 1.00 0.00 1.0
Active 0 0 0.20 0.32 0.00 0.00 0.00 1.0
ResPoly 0 0 0.32 0.42 0.00 0.00 0.00 1.0
GatPoly 5 0 0.32 0.42 0.75 0.25 0.15 1.0
Cont 6 0 0.32 0.96 0.00 1.00 1.00 1.0
Metal1 8 0 0.93 1.33 0.22 0.75 1.00 1.0
Via1 19 0 1.33 1.88 0.80 0.80 1.00 1.0
Metal2 10 0 1.88 2.33 0.80 0.80 0.85 1.0
Via2 29 0 2.33 2.88 1.00 0.22 0.21 1.0
Metal3 30 0 2.88 3.33 0.85 0.00 0.00 1.0
Via3 49 0 3.33 3.88 0.61 0.66 0.25 1.0
Metal4 50 0 3.88 4.33 0.58 0.91 0.22 1.0
Via4 66 0 4.33 4.88 0.87 0.67 0.37 1.0
Metal5 67 0 4.88 5.33 0.86 0.82 0.27 1.0
TopVia1 125 0 5.33 6.16 1.00 0.90 0.75 1.0
TopMetal1 126 0 6.16 8.16 1.00 0.90 0.75 1.0
TopVia2 133 0 8.16 11.16 1.00 0.50 0.00 1.0
TopMetal2 134 0 11.16 14.16 1.00 0.50 0.00 1.0
MIM 36 0 5.30 5.45 0.15 0.55 0.42 1.0
