substrate 235 4 -2 0 0.2 0.2 0.2 1.0
nwell 64 20 -0.5 0.01 0.4 0.4 0.4 1.0    
# tap 65 44 0 0.1 0.4 0.4 0.4 1.0     
diff 65 20 -0.12 0.02 0.9 0.9 0.9 1.0    
poly 66 20 0 0.18 0.75 0.35 0.46 1.0    
licon 66 44 0 0.936 0.2 0.2 0.2 1.0    
li1 67 20 0.936 1.136 1.0 0.81 0.55 1.0    
mcon 67 44 1.011 1.376 0.2 0.2 0.2 1.0    
met1 68 20 1.376 1.736 0.16 0.38 0.83 1.0    
via  68 44 1.736 2 0.2 0.2 0.2 1.0    
met2 69 20 2 2.36 0.65 0.75 0.9 1.0    
via2 69 44 2.36 2.786 0.2 0.2 0.2 1.0    
met3 70 20 2.786 3.631 0.2 0.62 0.86 1.0    
via3 70 44 3.631 4.0211 0.2 0.2 0.2 1.0     
met4 71 20 4.0211 4.8661 0.15 0.11 0.38 1.0    
via4 71 44 4.8661 5.371 0.2 0.2 0.2 1.0
met5 72 20 5.371 6.6311 0.4 0.4 0.4 1.0
# text 83 44 0 0.1 0.2 0.2 0.2 1.0